50
10
0.64 0.07 0.25 0.72 0.94 0.55 0.52 0.61 0.97 0.01
0.99 0.58 0.76 0.73 0.40 0.09 0.70 0.30 0.37 0.42
10
0.09 0.85 0.93 0.58 0.42 0.65 0.35 0.22 0.55 0.07
0.51 0.49 0.89 0.53 0.11 0.36 0.29 0.44 0.27 0.47
10
0.05 0.33 0.36 0.43 0.31 0.16 0.03 0.50 0.34 0.24
0.60 0.62 0.64 0.71 0.88 0.74 0.90 0.66 0.79 0.76
10
0.67 0.61 0.53 0.20 0.33 0.83 0.44 0.28 0.12 0.86
0.03 0.17 0.39 0.81 0.92 0.31 0.19 0.08 0.45 0.78
10
0.22 0.42 0.96 0.32 0.67 0.44 0.80 0.94 0.61 0.21
0.89 0.52 0.90 0.97 0.14 0.70 0.98 0.38 0.33 0.45
1
0.1
0.7
10
0.37 0.41 0.07 0.33 0.47 0.36 0.10 0.45 0.35 0.11
0.84 0.63 0.86 0.98 0.78 0.70 0.73 0.57 0.68 0.93
8
0.12 0.26 0.18 0.88 0.60 0.44 0.80 0.34
0.50 0.54 0.98 0.20 0.38 0.52 0.08 0.48
4
0.33 0.10 0.12 0.27
0.50 0.40 0.75 0.65
2
0.2 0.8
0.6 0.9
9
0.71 0.26 0.97 0.58 0.35 0.87 0.29 0.61 0.39
0.68 0.45 0.84 0.23 0.90 0.77 0.48 0.65 0.42
2
0.84 0.42
0.16 0.37
10
0.17 0.61 0.04 0.74 0.09 0.57 0.39 0.65 0.13 0.26
0.96 0.70 0.83 0.52 0.91 0.87 0.78 0.48 0.43 0.30
4
0.41 0.91 0.44 0.59
0.62 0.50 0.29 0.18
9
0.86 0.09 0.40 0.84 0.28 0.65 0.47 0.21 0.30
0.88 0.23 0.56 0.98 0.79 0.67 0.14 0.93 0.81
3
0.85 0.38 0.08
0.77 0.15 0.23
10
0.30 0.98 0.56 0.41 0.78 0.12 0.36 0.31 0.92 0.14
0.05 0.22 0.88 0.64 0.34 0.86 0.45 0.38 0.94 0.11
10
0.624 0.402 0.897 0.889 0.872 0.718 0.444 0.590 0.709 0.957
0.026 0.239 0.060 0.205 0.376 0.111 0.120 0.308 0.350 0.085
7
0.97 0.37 0.66 0.46 0.94 0.26 0.83
0.77 0.03 0.23 0.51 0.69 0.43 0.06
10
0.56 0.15 0.04 0.68 0.11 0.43 0.27 0.80 0.28 0.41
0.73 0.05 0.20 0.54 0.47 0.12 0.10 0.39 0.31 0.24
10
0.45 0.36 0.94 0.49 0.66 0.02 0.79 0.80 0.03 0.96
0.14 0.39 0.26 0.35 0.86 0.57 0.24 0.91 0.74 0.55
1
0.55
0.09
5
0.68 0.45 0.70 0.88 0.90
0.22 0.30 0.25 0.15 0.10
10
0.982 0.807 0.706 0.606 0.734 0.917 0.615 0.587 0.881 0.651
0.202 0.275 0.477 0.110 0.128 0.404 0.541 0.028 0.156 0.092
2
0.1 0.2
0.6 0.4
4
0.47 0.59 0.82 0.88
0.06 0.65 0.24 0.12
4
0.90 0.82 0.69 0.64
0.36 0.28 0.08 0.15
1
0.3
0.2
2
0.38 0.15
0.46 0.92
10
0.83 0.45 0.48 0.39 0.84 0.74 0.53 0.82 0.14 0.60
0.49 0.72 0.95 0.96 0.09 0.01 0.05 0.68 0.41 0.40
10
0.28 0.26 0.37 0.04 0.20 0.33 0.32 0.15 0.14 0.12
0.39 0.96 0.56 0.76 0.47 0.60 0.57 0.68 0.87 0.72
10
0.30 0.82 0.61 0.10 0.63 0.50 0.38 0.32 0.26 0.56
0.84 0.88 0.40 0.55 0.62 0.86 0.89 0.15 0.27 0.16
9
0.225 0.108 0.461 0.529 0.020 0.549 0.422 0.186 0.049
0.676 0.784 0.951 0.637 0.647 0.588 0.725 0.882 0.892
10
0.96 0.57 0.65 0.78 0.74 0.87 0.83 0.48 0.91 0.61
0.09 0.22 0.26 0.39 0.17 0.35 0.13 0.43 0.30 0.04
1
0.7
0.5
3
0.79 0.48 0.90
0.28 0.10 0.66
10
0.854 0.340 0.680 0.592 0.417 0.398 0.544 0.524 0.874 0.816
0.311 0.184 0.155 0.233 0.107 0.272 0.126 0.087 0.204 0.252
10
0.43 0.66 0.83 0.97 0.03 0.14 0.94 0.91 0.80 0.60
0.37 0.31 0.17 0.46 0.74 0.63 0.49 0.89 0.09 0.20
10
0.59 0.67 0.41 0.26 0.30 0.96 0.48 0.93 0.81 0.04
0.78 0.63 0.37 0.89 0.70 0.07 0.56 0.22 0.33 0.15
10
0.55 0.83 0.66 0.42 0.38 0.78 0.61 0.77 0.49 0.31
0.82 0.12 0.75 0.64 0.90 0.69 0.14 0.05 0.88 0.27
10
0.97 0.85 0.01 0.34 0.29 0.90 0.58 0.40 0.70 0.67
0.76 0.65 0.41 0.42 0.45 0.10 0.37 0.48 0.14 0.02
9
0.12 0.48 0.64 0.36 0.40 0.34 0.55 0.02 0.45
0.91 0.78 0.66 0.79 0.69 0.74 0.76 0.88 0.93
10
0.59 0.69 0.86 0.39 0.38 0.84 0.31 0.33 0.06 0.79
0.11 0.94 0.35 0.04 0.36 0.28 0.68 0.50 0.61 0.54
10
0.31 0.38 0.02 0.40 0.53 0.67 0.49 0.69 0.09 0.71
0.76 0.60 0.42 0.24 0.96 0.22 0.44 0.87 0.33 0.56
5
0.29 0.83 0.89 0.23 0.57
0.06 0.86 0.14 0.20 0.46
10
0.183 0.358 0.858 0.133 0.800 0.708 0.033 0.042 0.442 0.683
0.233 0.750 0.617 0.592 0.467 0.517 0.608 0.342 0.392 0.975
8
0.53 0.88 0.84 0.97 0.94 0.62 0.56 0.69
0.34 0.25 0.41 0.31 0.06 0.16 0.38 0.28
10
0.44 0.10 0.14 0.41 0.31 0.16 0.40 0.29 0.05 0.34
0.94 0.71 0.62 0.68 0.78 0.52 0.92 0.82 0.53 0.90
7
0.29 0.77 0.91 0.88 0.06 0.39 0.10
0.09 0.55 0.54 0.15 0.57 0.28 0.07
9
0.78 0.95 0.69 0.72 0.97 0.99 0.61 0.62 0.85
0.44 0.58 0.25 0.53 0.57 0.28 0.27 0.32 0.24
