50
10
0.56 0.44 0.41 0.25 0.81 0.75 0.22 0.16 0.50 0.72
0.19 0.06 0.03 0.78 0.34 0.59 0.12 0.53 0.94 0.09
1
0.9
0.3
10
0.23 0.58 0.64 0.89 0.63 0.04 0.52 0.29 0.61 0.11
0.48 0.42 0.73 0.90 0.25 0.34 0.70 0.05 0.13 0.17
6
0.82 0.94 0.33 0.09 0.91 0.67
0.48 0.55 0.45 0.39 0.03 0.27
10
0.219 0.289 0.377 0.298 0.333 0.053 0.281 0.254 0.096 0.114
0.596 0.816 0.623 0.605 0.404 0.632 0.535 0.825 0.912 0.658
10
0.126 0.544 0.019 0.175 0.981 0.340 0.874 0.971 0.485 0.990
0.301 0.854 0.951 0.204 0.427 0.505 0.456 0.058 0.767 0.670
10
0.31 0.28 0.38 0.24 0.83 0.97 0.17 0.21 0.79 0.69
0.76 0.90 0.34 0.62 0.07 0.45 0.10 0.93 0.48 0.41
10
0.24 0.41 0.53 0.06 0.26 0.15 0.35 0.21 0.56 0.09
0.68 0.97 0.62 0.91 0.59 0.88 0.65 0.82 0.71 0.79
10
0.684 0.983 0.778 0.632 0.556 0.624 0.803 0.872 0.923 0.863
0.316 0.376 0.410 0.530 0.547 0.094 0.068 0.188 0.538 0.385
10
0.07 0.31 0.01 0.43 0.46 0.20 0.27 0.09 0.14 0.47
0.67 0.76 0.87 0.60 0.77 0.59 0.96 0.53 0.51 0.97
10
0.82 0.44 0.95 0.97 0.79 0.84 0.16 0.18 0.15 0.63
0.53 0.40 0.89 0.48 0.26 0.03 0.69 0.74 0.92 0.13
10
0.07 0.81 0.95 0.79 0.20 0.21 0.18 0.56 0.39 0.93
0.75 0.96 0.05 0.71 0.77 0.06 0.33 0.48 0.99 0.94
7
0.90 0.55 0.78 0.38 0.63 0.58 0.93
0.68 0.22 0.17 0.98 0.08 0.10 0.48
9
0.70 0.16 0.27 0.35 0.49 0.59 0.65 0.86 0.11
0.97 0.57 0.41 0.14 0.95 0.05 0.73 0.38 0.76
10
0.04 0.37 0.93 0.45 0.67 0.75 0.43 0.89 0.01 0.73
0.68 0.83 0.05 0.07 0.87 0.17 0.95 0.49 0.72 0.03
2
0.5 0.8
0.2 0.3
10
0.09 0.11 0.53 0.68 0.66 0.37 0.61 0.25 0.56 0.83
0.29 0.75 0.43 0.03 0.57 0.01 0.34 0.21 0.13 0.05
10
0.28 0.04 0.40 0.24 0.16 0.08 0.12 0.44 0.36 0.20
0.96 0.56 0.72 0.76 0.52 0.48 0.68 0.64 0.88 0.92
10
0.26 0.40 0.21 0.37 0.50 0.12 0.04 0.13 0.28 0.43
0.58 0.73 0.86 0.71 0.92 0.75 0.70 0.68 0.94 0.79
3
0.45 0.36 0.91
0.18 0.64 0.09
3
0.64 0.80 0.60
0.48 0.20 0.52
10
0.55 0.92 0.85 0.73 0.71 0.63 0.91 0.94 0.83 0.65
0.51 0.26 0.46 0.47 0.07 0.10 0.04 0.21 0.09 0.34
10
0.45 0.57 0.72 0.23 0.22 0.02 0.97 0.38 0.88 0.43
0.53 0.95 0.58 0.75 0.90 0.07 0.35 0.48 0.77 0.25
6
0.78 0.37 0.98 0.63 0.53 0.22
0.96 0.47 0.75 0.61 0.76 0.06
10
0.982 0.839 0.991 0.937 0.911 0.723 0.955 0.821 0.768 0.946
0.571 0.366 0.429 0.661 0.598 0.714 0.536 0.634 0.125 0.259
3
0.56 0.28 0.62
0.34 0.78 0.41
5
0.06 0.35 0.41 0.53 0.29
0.59 0.82 0.88 0.24 0.12
9
0.77 0.95 0.79 0.51 0.97 0.85 0.56 0.82 0.92
0.13 0.08 0.15 0.28 0.33 0.05 0.46 0.38 0.23
10
0.38 0.79 0.87 0.94 0.04 0.43 0.77 0.26 0.58 0.68
0.74 0.32 0.47 0.55 0.51 0.57 0.09 0.60 0.08 0.96
7
0.53 0.39 0.47 0.66 0.84 0.95 0.08
0.71 0.82 0.61 0.58 0.89 0.50 0.26
10
0.400 0.417 0.300 0.800 0.683 0.700 0.550 0.467 0.367 0.942
0.092 0.133 0.750 0.708 0.075 0.958 0.483 0.583 0.992 0.258
10
0.68 0.08 0.48 0.54 0.44 0.60 0.06 0.10 0.98 0.52
0.94 0.25 0.22 0.62 0.11 0.51 0.76 0.56 0.46 0.84
7
0.08 0.58 0.51 0.02 0.28 0.40 0.15
0.83 0.96 0.89 0.77 0.74 0.87 0.81
5
0.21 0.50 0.42 0.83 0.17
0.71 0.12 0.79 0.04 0.46
10
0.42 0.92 0.04 0.85 0.46 0.77 0.38 0.96 0.15 0.12
0.65 0.58 0.73 0.27 0.54 0.31 0.50 0.81 0.23 0.19
2
0.6 0.1
0.7 0.9
10
0.80 0.70 0.95 0.27 0.48 0.39 0.13 0.53 0.28 0.09
0.79 0.77 0.20 0.73 0.68 0.22 0.69 0.74 0.24 0.84
4
0.25 0.44 0.72 0.19
0.14 0.03 0.28 0.97
10
0.20 0.25 0.03 0.13 0.16 0.26 0.08 0.21 0.31 0.30
0.77 0.56 0.43 0.48 0.79 0.66 0.80 0.67 0.89 0.51
2
0.75 0.69
0.56 0.38
6
0.41 0.64 0.45 0.77 0.82 0.09
0.59 0.27 0.95 0.55 0.36 0.73
10
0.10 0.25 0.97 0.40 0.22 0.47 0.62 0.69 0.09 0.27
0.42 0.93 0.92 0.61 0.30 0.48 0.05 0.52 0.50 0.56
8
0.12 0.90 0.21 0.67 0.66 0.79 0.38 0.17
0.52 0.55 0.76 0.41 0.48 0.84 0.28 0.36
10
0.02 0.13 0.32 0.33 0.73 0.11 0.87 0.28 0.44 0.41
0.67 0.60 0.85 0.01 0.29 0.36 0.08 0.15 0.56 0.57
10
0.883 0.808 0.992 0.517 0.558 0.608 0.958 0.417 0.392 0.633
0.017 0.333 0.058 0.075 0.008 0.300 0.133 0.283 0.242 0.292
10
0.41 0.07 0.18 0.86 0.21 0.84 0.26 0.85 0.55 0.66
0.03 0.33 0.53 0.11 0.22 0.56 0.38 0.79 0.77 0.95
8
0.86 0.96 0.93 0.82 0.71 0.64 0.79 0.68
0.21 0.32 0.54 0.29 0.39 0.04 0.36 0.07
4
0.71 0.13 0.40 0.38
0.49 0.53 0.47 0.44
10
0.45 0.88 0.02 0.23 0.78 0.58 0.03 0.20 0.77 0.49
0.32 0.28 0.26 0.14 0.62 0.48 0.54 0.98 0.38 0.83
2
0.47 0.82
0.18 0.12
