100
2 3 2
1 1 1
2 1 2
3 2 3
5 12 5
12 10 12
71 4 71
1 84 1
2 4 2
45 10 45
6 2 6
66 1 66
100 3 100
1 100 1
15 2 15
37 5 37
6 22 6
48 5 48
49 5 49
19 1 19
92 1 92
1 3 1
1 69 1
4 29 4
100 9 100
4 10 4
2 45 2
12 15 12
80 8 80
74 9 74
78 2 78
1 2 1
97 2 97
14 11 14
74 5 74
22 2 22
51 6 51
100 2 100
55 4 55
40 5 40
68 4 68
9 11 9
38 8 38
44 7 44
41 6 41
1 99 1
1 31 1
60 9 60
10 18 10
19 14 19
26 2 26
3 3 3
49 1 49
100 1 100
49 9 49
10 5 10
89 1 89
9 6 9
25 9 25
35 6 35
62 3 62
35 11 35
1 4 1
7 16 7
8 17 8
31 8 31
1 68 1
4 4 4
14 7 14
65 8 65
3 4 3
6 10 6
55 8 55
1 50 1
24 2 24
4 2 4
3 1 3
4 23 4
4 3 4
38 9 38
26 1 26
35 1 35
86 4 86
4 1 4
27 11 27
91 1 91
100 4 100
37 9 37
34 1 34
2 59 2
3 37 3
89 5 89
29 8 29
42 10 42
1 79 1
1 14 1
1 35 1
87 1 87
2 2 2
52 8 52
