50
3
1 2 3
2 3 5
3 5 6
2 3 4
1 2 3
7
6 11 15 18 20 21 33
6 11 15 18 20 21 32
1 2 3 4 5 6 22
3 8 12 13 14 15 26
5 10 14 17 19 20 30
2 7 8 9 10 11 24
22 24 27 28 30 32 34
5 10 14 17 19 20 31
4 9 13 16 17 18 29
1 2 3 4 5 6 23
2 7 8 9 10 11 25
4 9 13 16 17 18 28
23 25 26 29 31 33 34
2
4 8
6 8
2 6
7
1 8 15 22 29 36 43
22 23 24 25 26 27 28
15 16 17 18 19 20 21
36 37 38 39 40 41 42
5 12 19 26 33 40 47
4 11 18 25 32 39 46
7 14 21 28 35 42 49
6 13 20 27 34 41 48
8 9 10 11 12 13 14
29 30 31 32 33 34 35
3 10 17 24 31 38 45
43 44 45 46 47 48 49
2 9 16 23 30 37 44
9
15 21 25 33 34 35 36 37 45
18 23 30 34 37 41 43 47 48
10 15 20 24 25 30 33 36 39
21 33 35 36 37 47 54 59 63
17 23 30 33 35 41 46 47 49
24 31 39 42 47 49 57 63 64
16 22 28 31 34 37 42 45 47
10 20 24 28 31 33 35 36 41
9 17 20 25 28 30 31 35 39
4 7 10 13 16 17 20 21 24
22 30 36 41 45 47 54 59 60
13 17 25 28 33 34 36 41 42
4 8 9 10 15 18 19 22 24
7 12 17 20 21 23 27 30 31
24 37 39 41 45 48 55 60 64
8 12 15 17 22 23 28 33 37
20 28 31 35 36 43 50 54 57
7
15 21 24 27 33 36 40
4 8 11 13 15 17 18
11 14 18 21 24 25 26
18 24 27 33 38 42 44
8 10 12 17 21 22 25
11 12 18 22 24 25 27
13 17 21 25 27 29 33
13 17 22 25 29 32 34
4 8 11 13 14 17 20
17 23 25 29 37 41 42
20 25 26 34 40 42 44
17 22 25 32 36 41 42
14 21 24 29 33 37 38
9
13 18 22 23 29 34 39 43 48
17 22 27 29 34 37 38 40 42
9 11 16 19 27 31 34 36 41
29 31 36 43 48 52 54 56 57
12 17 19 23 26 30 32 36 38
2 5 9 13 16 21 22 23 28
7 9 11 18 19 22 24 27 29
21 23 31 34 37 38 43 44 45
28 29 33 38 42 45 53 57 66
21 22 29 30 37 38 43 52 56
2 7 8 12 17 21 25 29 32
25 29 34 39 42 43 47 51 53
22 24 31 32 38 43 47 54 61
23 27 32 36 40 44 51 56 62
32 37 41 48 51 56 61 62 66
8 10 16 22 25 29 31 32 33
5 9 10 17 22 23 29 31 37
4
13 16 20 23
4 7 11 16
5 8 14 20
10 11 14 16
6 7 8 13
3 6 10 13
9 13 16 23
5
3 5 7 8 9
7 10 12 13 16
1 3 5 6 7
3 7 9 11 12
5 8 11 12 13
1 2 3 5 6
6 9 11 12 14
6 9 12 14 16
5 7 9 11 12
10
4 6 7 9 13 16 19 23 27 28
11 14 17 23 25 30 33 34 38 39
16 19 27 30 33 35 38 41 42 46
19 20 28 33 37 38 39 43 45 47
28 30 37 39 45 49 51 55 59 60
19 20 23 25 27 35 38 43 47 49
6 8 12 14 18 20 24 27 30 32
9 16 20 23 24 25 32 34 38 42
15 18 21 24 26 33 37 39 41 45
13 18 23 25 26 27 36 38 39 44
26 30 31 38 39 42 45 51 52 59
25 27 30 34 38 41 43 48 51 55
29 32 34 42 44 46 47 55 59 60
7 12 15 17 21 23 28 30 31 34
9 12 15 20 23 27 28 31 35 37
23 25 31 34 39 43 47 48 51 55
23 24 28 32 36 38 39 47 48 51
4 5 9 11 15 19 23 25 26 29
27 29 35 38 41 47 48 51 52 59
2
5 9
4 5
5 9
3
3 4 5
2 3 4
3 4 5
2 3 4
1 2 3
4
2 4 5 6
3 5 7 9
2 3 5 7
7 8 10 13
5 7 8 10
5 7 8 11
4 5 7 8
2
2 22
22 222
2 22
10
8 11 15 19 21 23 28 33 36 40
11 15 19 24 29 32 33 36 38 42
16 19 21 26 31 33 36 39 42 47
3 8 9 11 12 14 18 19 22 23
7 11 12 14 15 20 23 26 31 33
22 31 38 42 48 52 54 61 65 72
12 15 29 31 33 41 43 46 50 54
19 21 24 31 33 37 42 45 48 50
22 23 28 36 41 46 47 49 52 57
23 33 42 47 50 57 59 63 67 75
3 7 11 16 19 22 25 26 28 30
9 12 19 21 24 28 32 34 38 42
25 28 32 38 43 47 48 52 54 59
19 26 36 39 45 49 52 58 61 68
28 36 38 45 50 53 59 61 65 67
11 14 24 26 31 36 38 43 45 47
18 23 33 36 42 47 48 55 59 63
14 20 32 33 37 46 47 52 53 55
26 33 34 43 46 52 55 58 61 63
2
2 4
6 8
4 8
5
7 10 11 13 16
3 7 9 10 11
5 8 10 12 14
3 5 7 8 10
9 10 11 14 16
5 6 9 10 11
2 5 6 8 10
7 8 10 12 13
1 2 3 5 7
2
6 8
2 4
2 6
3
1 2 3
2 3 4
1 2 3
3 4 5
3 4 5
7
16 24 29 33 34 35 40
2 3 7 9 11 12 16
3 8 10 14 16 19 22
16 22 24 27 31 38 40
2 6 7 10 11 12 16
6 8 11 15 18 22 24
12 22 25 27 30 34 38
7 11 15 18 21 23 24
10 14 18 20 24 27 33
12 19 23 25 29 34 35
9 15 18 20 24 25 27
11 18 20 24 26 29 31
11 16 21 24 26 30 34
2
4 8
2 4
2 6
4
5 6 7 8
3 7 11 15
13 14 15 16
1 5 9 13
9 10 11 12
1 2 3 4
4 8 12 16
7
11 13 15 18 24 25 29
10 12 18 22 24 27 32
6 11 13 15 18 19 23
19 22 26 28 32 35 39
4 7 8 10 12 17 21
6 10 15 17 18 24 28
1 4 6 7 11 15 19
14 17 19 23 25 29 35
1 3 4 6 10 14 15
3 7 11 12 13 19 22
4 8 13 14 15 21 26
15 19 21 24 27 29 30
15 21 23 26 29 30 39
7
6 8 12 13 14 17 19
5 7 9 11 13 14 18
10 11 14 17 19 23 26
11 14 16 18 22 25 28
13 16 17 20 24 28 31
9 11 13 14 17 18 20
7 9 12 13 14 16 17
3 5 7 9 11 12 15
8 9 13 14 15 20 21
5 7 8 9 11 14 16
11 13 14 15 19 22 24
3 5 6 8 10 11 13
12 14 17 20 23 25 28
7
5 8 10 12 14 15 16
3 5 7 8 10 12 13
1 2 3 5 6 7 9
3 7 8 9 10 12 13
7 9 10 14 16 18 20
5 7 9 12 13 16 18
6 10 12 13 16 17 18
1 3 4 5 7 8 10
9 13 15 18 20 22 23
7 12 14 16 18 19 20
10 11 13 16 18 20 23
8 10 12 15 17 19 22
2 5 6 7 9 10 11
8
2 3 5 7 9 10 12 13
7 8 12 13 14 16 19 21
10 12 15 18 20 22 23 25
4 5 7 8 11 12 14 16
6 8 10 12 14 15 16 17
9 11 13 14 18 20 21 22
3 5 8 10 11 12 14 15
2 4 6 8 9 10 12 13
5 7 10 12 13 15 17 18
10 12 15 16 19 22 24 26
13 16 17 21 22 26 28 30
8 10 12 13 16 18 19 21
13 15 18 21 23 25 28 30
12 14 17 19 21 23 26 28
9 11 14 16 18 19 21 23
10
7 10 13 15 16 19 21 26 28 30
10 14 15 18 19 22 24 26 28 30
23 26 28 30 33 38 40 41 44 47
18 26 28 30 32 36 38 41 43 44
17 21 24 26 28 32 34 37 41 42
19 27 30 31 33 39 41 42 46 47
13 18 19 20 24 26 30 32 35 38
14 19 20 24 27 30 32 35 38 41
11 15 16 19 22 23 27 28 31 33
3 4 7 9 11 12 14 17 20 23
5 6 10 13 14 17 19 21 24 26
3 5 8 10 11 13 16 17 18 19
12 17 18 22 23 26 30 33 36 39
20 24 26 28 31 35 36 39 43 46
11 14 17 19 22 24 27 30 32 33
16 20 21 22 27 30 32 34 36 40
9 13 14 18 19 20 22 29 30 31
4 6 11 14 15 18 20 23 26 27
8 11 13 14 17 18 20 24 26 28
9
9 10 15 20 24 27 31 33 37
6 8 11 16 21 25 28 29 30
17 24 29 33 38 40 42 47 52
2 5 9 10 14 15 16 17 21
13 16 19 22 30 32 36 40 44
5 7 10 13 17 19 21 24 26
10 13 16 20 21 22 25 29 31
21 26 30 37 41 44 45 49 56
9 10 11 15 17 19 24 28 29
18 22 28 29 35 41 44 47 49
15 19 25 27 30 32 37 41 45
11 12 17 21 27 30 35 38 41
14 17 21 24 27 30 34 35 39
5 7 8 10 12 16 20 22 26
16 21 28 31 35 36 40 44 48
2 5 6 9 11 13 16 18 21
21 26 29 31 39 45 48 52 56
8
6 7 8 9 11 13 15 17
5 7 8 11 13 16 18 20
2 4 6 8 9 10 11 12
8 10 11 12 14 16 17 19
6 8 9 12 15 18 20 22
4 5 7 8 10 11 12 14
3 5 7 10 12 14 16 17
10 11 13 16 18 22 23 25
9 12 13 15 16 18 20 21
12 17 20 22 24 25 26 30
12 14 17 19 21 26 28 30
2 3 5 6 8 10 11 12
11 16 18 20 21 23 25 28
10 14 16 18 20 22 24 26
8 10 11 14 16 20 21 24
10
5 8 10 12 14 15 17 18 19 20
14 16 18 19 22 23 26 28 31 32
12 16 19 21 23 24 26 28 30 31
11 15 17 19 21 23 25 26 27 29
2 4 5 6 8 10 11 12 14 15
6 10 11 13 15 17 18 19 21 22
2 3 4 6 8 10 12 14 15 17
17 18 20 22 25 26 29 31 33 34
15 17 19 21 23 24 27 30 32 33
6 8 12 13 15 16 19 21 22 24
14 17 21 22 25 27 29 31 32 33
10 13 14 16 18 20 22 23 24 26
8 12 13 15 17 19 20 22 23 25
10 11 15 17 19 20 23 24 27 28
12 14 17 18 20 22 25 26 29 30
8 9 14 15 17 18 21 23 25 26
4 6 7 8 9 11 14 16 17 18
15 18 23 24 26 28 30 32 33 34
4 7 10 11 13 14 17 19 21 23
10
8 16 23 29 34 38 41 43 44 60
6 14 21 27 32 36 37 38 39 56
1 2 3 4 5 6 7 8 9 46
46 48 51 52 54 57 59 61 63 64
5 13 20 26 31 32 33 34 35 54
1 2 3 4 5 6 7 8 9 47
5 13 20 26 31 32 33 34 35 55
3 11 18 19 20 21 22 23 24 50
7 15 22 28 33 37 40 41 42 58
4 12 19 25 26 27 28 29 30 53
4 12 19 25 26 27 28 29 30 52
7 15 22 28 33 37 40 41 42 59
2 10 11 12 13 14 15 16 17 49
8 16 23 29 34 38 41 43 44 61
9 17 24 30 35 39 42 44 45 63
9 17 24 30 35 39 42 44 45 62
3 11 18 19 20 21 22 23 24 51
2 10 11 12 13 14 15 16 17 48
6 14 21 27 32 36 37 38 39 57
8
1 3 5 6 9 10 12 14
13 15 18 22 25 27 30 32
1 4 7 8 10 13 16 18
6 11 14 17 19 22 24 25
10 14 16 19 22 25 27 30
14 19 24 28 30 32 34 36
10 15 20 23 25 27 31 33
4 6 9 11 13 15 16 19
3 6 10 12 14 15 18 21
18 21 23 25 30 33 35 36
12 16 21 26 27 30 32 35
7 10 12 14 17 20 21 24
16 18 20 24 28 31 32 34
9 13 17 18 22 25 28 30
5 9 12 13 16 18 20 23
3
5 6 8
4 6 8
1 2 4
2 5 6
3 5 6
10
35 43 54 82 99 105 117 136 152 160
44 49 68 94 113 126 143 165 178 197
103 127 152 184 203 206 230 253 269 300
71 97 118 148 157 172 187 195 227 251
18 41 54 68 97 110 118 130 152 168
82 110 160 197 202 242 251 278 300 307
14 25 43 49 74 93 97 113 127 129
43 70 105 126 141 159 172 201 206 238
94 113 130 165 189 201 224 239 254 278
53 79 117 143 160 180 187 224 230 254
63 93 110 133 135 159 180 193 217 242
108 129 168 199 221 238 254 264 270 307
34 59 99 113 126 135 157 189 203 221
30 57 82 94 122 133 148 165 184 199
69 105 152 178 189 217 227 254 269 270
22 25 41 57 59 70 79 104 105 110
63 104 136 165 181 193 195 239 253 264
2 22 35 44 62 63 71 94 103 108
62 74 97 122 126 141 160 181 189 202
3
1 2 3
3 4 5
1 2 3
2 3 4
2 3 4
9
23 27 31 36 44 49 54 58 59
16 19 26 31 38 42 46 48 52
17 25 31 35 41 46 52 55 59
2 4 7 8 10 11 12 13 17
7 12 17 18 19 22 26 27 31
12 16 19 28 32 33 37 38 41
8 13 17 21 22 23 26 29 31
5 9 12 14 17 21 22 23 25
4 9 13 15 16 18 19 23 27
2 5 8 10 12 14 16 20 23
11 21 23 28 33 36 42 46 49
20 23 27 34 41 46 50 53 55
12 22 26 31 37 40 46 50 54
13 23 29 34 38 44 48 53 58
10 17 22 27 32 35 38 41 44
14 18 22 29 35 36 40 44 46
10 15 18 24 27 28 31 34 35
8
4 5 10 11 13 15 17 21
1 4 5 8 11 14 16 17
17 21 25 28 29 32 35 38
4 5 7 9 12 17 18 21
14 15 20 23 26 27 29 32
11 13 18 21 23 25 26 29
1 4 7 9 11 14 16 19
19 21 24 28 31 33 36 38
8 9 14 18 21 23 25 28
9 11 16 18 20 22 23 28
16 18 22 23 26 29 30 36
16 17 23 25 27 28 30 35
14 17 19 22 25 27 28 33
11 12 17 20 23 26 27 31
5 7 13 16 18 20 23 24
4
3 5 6 12
1 2 3 8
2 4 5 9
8 9 12 13
7 10 11 13
3 5 6 11
1 2 3 7
4
1 2 3 4
3 4 5 6
4 5 6 7
2 3 4 5
4 5 6 7
1 2 3 4
3 4 5 6
2
5 7
2 3
2 5
9
11 13 17 22 24 26 30 33 36
9 14 17 19 22 24 25 29 32
5 12 14 15 17 19 22 27 31
1 5 9 10 11 15 17 20 21
3 8 11 12 13 18 21 23 25
1 3 5 9 10 14 17 18 21
17 21 25 27 30 32 36 40 41
17 21 22 25 29 32 36 39 41
9 11 14 17 20 21 25 26 28
10 18 20 21 24 25 29 30 35
15 18 19 24 25 27 32 36 37
5 8 12 14 18 19 21 22 26
18 22 26 31 33 36 39 43 44
20 23 27 29 30 35 40 43 44
21 26 28 33 36 37 41 44 45
14 19 21 22 26 27 32 35 37
10 12 15 19 21 22 27 31 33
4
25 50 73 74
38 50 65 82
23 38 40 44
60 82 106 118
44 74 92 118
23 25 37 60
40 73 82 106
7
15 21 23 24 32 34 37
6 10 14 18 20 22 23
6 10 14 18 21 25 27
12 14 20 21 28 31 34
9 13 18 19 25 27 31
5 6 10 13 16 18 21
5 6 10 13 14 18 21
2 5 6 9 12 14 15
8 16 21 25 28 30 32
7 13 18 19 21 23 24
9 18 25 27 31 33 34
12 21 27 31 34 35 37
2 5 6 7 8 9 12
3
3 5 6
9 12 15
3 6 9
6 11 15
6 10 11
10
1 2 3 4 5 6 7 8 9 10
91 92 93 94 95 96 97 98 99 100
7 17 27 37 47 57 67 77 87 97
9 19 29 39 49 59 69 79 89 99
10 20 30 40 50 60 70 80 90 100
71 72 73 74 75 76 77 78 79 80
61 62 63 64 65 66 67 68 69 70
5 15 25 35 45 55 65 75 85 95
8 18 28 38 48 58 68 78 88 98
1 11 21 31 41 51 61 71 81 91
51 52 53 54 55 56 57 58 59 60
81 82 83 84 85 86 87 88 89 90
3 13 23 33 43 53 63 73 83 93
2 12 22 32 42 52 62 72 82 92
41 42 43 44 45 46 47 48 49 50
21 22 23 24 25 26 27 28 29 30
4 14 24 34 44 54 64 74 84 94
31 32 33 34 35 36 37 38 39 40
11 12 13 14 15 16 17 18 19 20
10
7 8 9 10 11 12 13 14 15 16
3 4 5 6 7 8 9 10 11 12
9 10 11 12 13 14 15 16 17 18
6 7 8 9 10 11 12 13 14 15
9 10 11 12 13 14 15 16 17 18
2 3 4 5 6 7 8 9 10 11
4 5 6 7 8 9 10 11 12 13
1 2 3 4 5 6 7 8 9 10
8 9 10 11 12 13 14 15 16 17
10 11 12 13 14 15 16 17 18 19
5 6 7 8 9 10 11 12 13 14
4 5 6 7 8 9 10 11 12 13
3 4 5 6 7 8 9 10 11 12
1 2 3 4 5 6 7 8 9 10
7 8 9 10 11 12 13 14 15 16
5 6 7 8 9 10 11 12 13 14
10 11 12 13 14 15 16 17 18 19
8 9 10 11 12 13 14 15 16 17
2 3 4 5 6 7 8 9 10 11
4
8 12 14 16
3 4 9 12
3 4 5 9
7 9 15 16
6 9 12 15
1 3 4 7
4 5 12 14
2
22 222
22 222
2 22
7
60 70 89 109 115 132 147
67 91 100 128 130 145 150
76 114 140 158 168 189 197
15 29 35 60 67 70 76
29 41 64 89 100 122 140
29 31 41 46 59 81 101
37 46 87 109 128 150 158
15 26 29 37 49 60 71
60 81 99 132 145 165 189
70 107 122 150 158 165 173
71 101 112 147 150 173 197
49 59 92 115 130 158 168
35 46 64 87 92 99 112
7
4 5 6 7 8 9 10
5 6 7 8 9 10 11
2 3 4 5 6 7 8
6 7 8 9 10 11 12
7 8 9 10 11 12 13
1 2 3 4 5 6 7
3 4 5 6 7 8 9
7 8 9 10 11 12 13
6 7 8 9 10 11 12
1 2 3 4 5 6 7
5 6 7 8 9 10 11
4 5 6 7 8 9 10
3 4 5 6 7 8 9
